 0 1 2 3 4 5 6 7 8 9 10 11 12 13 14 15 16 17 18 19 20 21 22 23 24 25 26 27 28 29 30 31 32 33 34 35 36 37 38 39 40 41 42 43 44 45 46 47 48 49 50 51 52 53 54 55 56 57 58 59 60 61 62 63
0 14.2 9.2 13.8 12.0 13.6 12.8 10.8 12.8 14.0 13.6 10.4 7.8 7.0 11.6 6.6 7.0 9.0 8.0 13.2 11.2 7.8 13.0 12.0 7.8 6.4 8.0 7.0 8.0 11.4 10.2 9.8 11.4 8.8 8.6 12.6 8.2 9.6 8.0 13.2 11.4 13.8 13.6 8.2 10.2 10.8 12.0 14.6 8.6 9.2 8.0 5.8 7.0 9.4 13.2 12.0 11.6 5.6 12.6 13.4 7.0 5.8 13.2 12.8 12.0
1 11.4 9.2 11.8 9.8 9.2 10.8 10.8 13.2 14.0 13.4 9.6 10.2 11.0 13.4 12.4 7.4 8.4 13.6 8.6 7.2 10.0 12.6 11.6 11.2 8.4 12.0 11.6 8.2 8.8 11.2 12.2 11.4 15.0 13.8 15.2 11.8 14.0 12.6 13.2 14.6 12.0 11.4 10.2 9.4 8.4 10.2 6.2 8.0 9.4 8.6 12.8 10.4 11.0 12.8 12.6 8.0 5.8 9.4 6.6 9.8 11.2 11.8 10.6 8.0
2 13.6 13.2 14.4 13.0 12.6 13.6 12.6 14.8 12.6 11.8 9.6 7.4 7.6 11.0 6.2 10.4 9.4 9.4 12.2 10.6 7.8 13.8 13.6 12.0 8.6 9.2 6.4 10.2 12.2 12.4 11.2 12.0 11.2 9.2 11.2 8.2 10.4 11.0 12.6 13.8 9.8 10.4 11.6 8.8 11.6 13.2 15.4 14.6 11.8 13.8 12.2 11.2 7.8 11.8 10.4 12.6 9.6 13.0 12.6 8.0 10.2 11.2 13.0 12.4
3 12.4 8.4 11.4 9.2 8.2 13.6 11.8 12.0 9.8 11.4 10.4 10.6 12.4 12.2 10.0 11.4 11.6 11.8 8.2 6.8 10.4 12.8 11.8 12.2 11.2 12.2 12.0 7.4 13.0 10.2 14.2 12.8 14.2 10.8 15.4 11.6 15.0 14.2 13.8 12.4 12.4 11.8 10.6 10.4 11.0 10.0 8.0 9.0 9.4 8.6 13.2 10.8 7.2 13.0 14.2 10.8 6.2 7.4 10.6 11.2 11.8 10.0 11.2 11.6
 0 1 2 3 4 5 6 7 8 9 10 11 12 13 14 15 16 17 18 19 20 21 22 23 24 25 26 27 28 29 30 31 32 33 34 35 36 37 38 39 40 41 42 43 44 45 46 47 48 49 50 51 52 53 54 55 56 57 58 59 60 61 62 63
0 14.2 9.2 13.8 12.0 13.6 12.8 10.8 12.8 14.0 13.6 10.4 7.8 7.0 11.6 6.6 7.0 9.0 8.0 13.2 11.2 7.8 13.0 12.0 7.8 6.4 8.0 7.0 8.0 11.4 10.2 9.8 11.4 8.8 8.6 12.6 8.2 9.6 8.0 13.2 11.4 13.8 13.6 8.2 10.2 10.8 12.0 14.6 8.6 9.2 8.0 5.8 7.0 9.4 13.2 12.0 11.6 5.6 12.6 13.4 7.0 5.8 13.2 12.8 12.0
1 11.4 9.2 11.8 9.8 9.2 10.8 10.8 13.2 14.0 13.4 9.6 10.2 11.0 13.4 12.4 7.4 8.4 13.6 8.6 7.2 10.0 12.6 11.6 11.2 8.4 12.0 11.6 8.2 8.8 11.2 12.2 11.4 15.0 13.8 15.2 11.8 14.0 12.6 13.2 14.6 12.0 11.4 10.2 9.4 8.4 10.2 6.2 8.0 9.4 8.6 12.8 10.4 11.0 12.8 12.6 8.0 5.8 9.4 6.6 9.8 11.2 11.8 10.6 8.0
2 13.6 13.2 14.4 13.0 12.6 13.6 12.6 14.8 12.6 11.8 9.6 7.4 7.6 11.0 6.2 10.4 9.4 9.4 12.2 10.6 7.8 13.8 13.6 12.0 8.6 9.2 6.4 10.2 12.2 12.4 11.2 12.0 11.2 9.2 11.2 8.2 10.4 11.0 12.6 13.8 9.8 10.4 11.6 8.8 11.6 13.2 15.4 14.6 11.8 13.8 12.2 11.2 7.8 11.8 10.4 12.6 9.6 13.0 12.6 8.0 10.2 11.2 13.0 12.4
3 12.4 8.4 11.4 9.2 8.2 13.6 11.8 12.0 9.8 11.4 10.4 10.6 12.4 12.2 10.0 11.4 11.6 11.8 8.2 6.8 10.4 12.8 11.8 12.2 11.2 12.2 12.0 7.4 13.0 10.2 14.2 12.8 14.2 10.8 15.4 11.6 15.0 14.2 13.8 12.4 12.4 11.8 10.6 10.4 11.0 10.0 8.0 9.0 9.4 8.6 13.2 10.8 7.2 13.0 14.2 10.8 6.2 7.4 10.6 11.2 11.8 10.0 11.2 11.6
 0 1 2 3 4 5 6 7 8 9 10 11 12 13 14 15 16 17 18 19 20 21 22 23 24 25 26 27 28 29 30 31 32 33 34 35 36 37 38 39 40 41 42 43 44 45 46 47 48 49 50 51 52 53 54 55 56 57 58 59 60 61 62 63
0 14.2 9.2 13.8 12.0 13.6 12.8 10.8 12.8 14.0 13.6 10.4 7.8 7.0 11.6 6.6 7.0 9.0 8.0 13.2 11.2 7.8 13.0 12.0 7.8 6.4 8.0 7.0 8.0 11.4 10.2 9.8 11.4 8.8 8.6 12.6 8.2 9.6 8.0 13.2 11.4 13.8 13.6 8.2 10.2 10.8 12.0 14.6 8.6 9.2 8.0 5.8 7.0 9.4 13.2 12.0 11.6 5.6 12.6 13.4 7.0 5.8 13.2 12.8 12.0
1 11.4 9.2 11.8 9.8 9.2 10.8 10.8 13.2 14.0 13.4 9.6 10.2 11.0 13.4 12.4 7.4 8.4 13.6 8.6 7.2 10.0 12.6 11.6 11.2 8.4 12.0 11.6 8.2 8.8 11.2 12.2 11.4 15.0 13.8 15.2 11.8 14.0 12.6 13.2 14.6 12.0 11.4 10.2 9.4 8.4 10.2 6.2 8.0 9.4 8.6 12.8 10.4 11.0 12.8 12.6 8.0 5.8 9.4 6.6 9.8 11.2 11.8 10.6 8.0
2 13.6 13.2 14.4 13.0 12.6 13.6 12.6 14.8 12.6 11.8 9.6 7.4 7.6 11.0 6.2 10.4 9.4 9.4 12.2 10.6 7.8 13.8 13.6 12.0 8.6 9.2 6.4 10.2 12.2 12.4 11.2 12.0 11.2 9.2 11.2 8.2 10.4 11.0 12.6 13.8 9.8 10.4 11.6 8.8 11.6 13.2 15.4 14.6 11.8 13.8 12.2 11.2 7.8 11.8 10.4 12.6 9.6 13.0 12.6 8.0 10.2 11.2 13.0 12.4
3 12.4 8.4 11.4 9.2 8.2 13.6 11.8 12.0 9.8 11.4 10.4 10.6 12.4 12.2 10.0 11.4 11.6 11.8 8.2 6.8 10.4 12.8 11.8 12.2 11.2 12.2 12.0 7.4 13.0 10.2 14.2 12.8 14.2 10.8 15.4 11.6 15.0 14.2 13.8 12.4 12.4 11.8 10.6 10.4 11.0 10.0 8.0 9.0 9.4 8.6 13.2 10.8 7.2 13.0 14.2 10.8 6.2 7.4 10.6 11.2 11.8 10.0 11.2 11.6
 0 1 2 3 4 5 6 7 8 9 10 11 12 13 14 15 16 17 18 19 20 21 22 23 24 25 26 27 28 29 30 31 32 33 34 35 36 37 38 39 40 41 42 43 44 45 46 47 48 49 50 51 52 53 54 55 56 57 58 59 60 61 62 63
0 14.2 9.2 13.8 12.0 13.6 12.8 10.8 12.8 14.0 13.6 10.4 7.8 7.0 11.6 6.6 7.0 9.0 8.0 13.2 11.2 7.8 13.0 12.0 7.8 6.4 8.0 7.0 8.0 11.4 10.2 9.8 11.4 8.8 8.6 12.6 8.2 9.6 8.0 13.2 11.4 13.8 13.6 8.2 10.2 10.8 12.0 14.6 8.6 9.2 8.0 5.8 7.0 9.4 13.2 12.0 11.6 5.6 12.6 13.4 7.0 5.8 13.2 12.8 12.0
1 11.4 9.2 11.8 9.8 9.2 10.8 10.8 13.2 14.0 13.4 9.6 10.2 11.0 13.4 12.4 7.4 8.4 13.6 8.6 7.2 10.0 12.6 11.6 11.2 8.4 12.0 11.6 8.2 8.8 11.2 12.2 11.4 15.0 13.8 15.2 11.8 14.0 12.6 13.2 14.6 12.0 11.4 10.2 9.4 8.4 10.2 6.2 8.0 9.4 8.6 12.8 10.4 11.0 12.8 12.6 8.0 5.8 9.4 6.6 9.8 11.2 11.8 10.6 8.0
2 13.6 13.2 14.4 13.0 12.6 13.6 12.6 14.8 12.6 11.8 9.6 7.4 7.6 11.0 6.2 10.4 9.4 9.4 12.2 10.6 7.8 13.8 13.6 12.0 8.6 9.2 6.4 10.2 12.2 12.4 11.2 12.0 11.2 9.2 11.2 8.2 10.4 11.0 12.6 13.8 9.8 10.4 11.6 8.8 11.6 13.2 15.4 14.6 11.8 13.8 12.2 11.2 7.8 11.8 10.4 12.6 9.6 13.0 12.6 8.0 10.2 11.2 13.0 12.4
3 12.4 8.4 11.4 9.2 8.2 13.6 11.8 12.0 9.8 11.4 10.4 10.6 12.4 12.2 10.0 11.4 11.6 11.8 8.2 6.8 10.4 12.8 11.8 12.2 11.2 12.2 12.0 7.4 13.0 10.2 14.2 12.8 14.2 10.8 15.4 11.6 15.0 14.2 13.8 12.4 12.4 11.8 10.6 10.4 11.0 10.0 8.0 9.0 9.4 8.6 13.2 10.8 7.2 13.0 14.2 10.8 6.2 7.4 10.6 11.2 11.8 10.0 11.2 11.6
