 0 1 2 3 4 5 6 7 8 9 10 11 12 13 14 15 16 17 18 19 20 21 22 23 24 25 26 27 28 29 30 31 32 33 34 35 36 37 38 39 40 41 42 43 44 45 46 47 48 49 50 51 52 53 54 55 56 57 58 59 60 61 62 63
0 14.2 9.2 13.8 12.0 13.6 12.8 10.8 12.8 14.0 13.6 10.4 7.8 7.0 11.6 6.6 7.0 9.0 8.0 13.2 11.2 7.8 13.0 12.0 7.8 6.4 8.0 7.0 8.0 11.4 10.2 9.8 11.4 8.8 8.6 12.6 8.2 9.6 8.0 13.2 11.4 13.8 13.6 8.2 10.2 10.8 12.0 14.6 8.6 9.2 8.0 5.8 7.0 9.4 13.2 12.0 11.6 5.6 12.6 13.4 7.0 5.8 13.2 12.8 12.0
1 11.4 9.2 11.8 9.8 9.2 10.8 10.8 13.2 14.0 13.4 9.6 10.2 11.0 13.4 12.4 7.4 8.4 13.6 8.6 7.2 10.0 12.6 11.6 11.2 8.4 12.0 11.6 8.2 8.8 11.2 12.2 11.4 15.0 13.8 15.2 11.8 14.0 12.6 13.2 14.6 12.0 11.4 10.2 9.4 8.4 10.2 6.2 8.0 9.4 8.6 12.8 10.4 11.0 12.8 12.6 8.0 5.8 9.4 6.6 9.8 11.2 11.8 10.6 8.0
2 13.6 13.2 14.4 13.0 12.6 13.6 12.6 14.8 12.6 11.8 9.6 7.4 7.6 11.0 6.2 10.4 9.4 9.4 12.2 10.6 7.8 13.8 13.6 12.0 8.6 9.2 6.4 10.2 12.2 12.4 11.2 12.0 11.2 9.2 11.2 8.2 10.4 11.0 12.6 13.8 9.8 10.4 11.6 8.8 11.6 13.2 15.4 14.6 11.8 13.8 12.2 11.2 7.8 11.8 10.4 12.6 9.6 13.0 12.6 8.0 10.2 11.2 13.0 12.4
3 12.4 8.4 11.4 9.2 8.2 13.6 11.8 12.0 9.8 11.4 10.4 10.6 12.4 12.2 10.0 11.4 11.6 11.8 8.2 6.8 10.4 12.8 11.8 12.2 11.2 12.2 12.0 7.4 13.0 10.2 14.2 12.8 14.2 10.8 15.4 11.6 15.0 14.2 13.8 12.4 12.4 11.8 10.6 10.4 11.0 10.0 8.0 9.0 9.4 8.6 13.2 10.8 7.2 13.0 14.2 10.8 6.2 7.4 10.6 11.2 11.8 10.0 11.2 11.6
 0 1 2 3 4 5 6 7 8 9 10 11 12 13 14 15 16 17 18 19 20 21 22 23 24 25 26 27 28 29 30 31 32 33 34 35 36 37 38 39 40 41 42 43 44 45 46 47 48 49 50 51 52 53 54 55 56 57 58 59 60 61 62 63
0 14.0 11.8 13.0 9.8 11.4 11.2 15.6 15.2 14.6 16.6 15.0 7.8 10.6 9.6 11.4 10.6 11.6 14.6 9.8 14.4 11.8 13.8 8.4 16.4 8.0 10.6 15.2 16.0 15.2 14.6 17.2 13.2 9.6 8.8 8.2 11.2 10.0 15.2 19.2 10.8 13.4 12.0 16.2 15.8 15.6 15.6 13.0 17.8 15.0 15.0 10.2 10.4 9.6 10.2 9.6 11.0 14.4 10.6 11.6 17.2 12.4 13.2 14.6 17.2
1 10.0 13.6 9.6 14.0 15.4 10.0 14.2 20.0 13.0 13.6 9.6 14.0 9.2 12.6 14.2 11.4 18.4 12.2 11.4 16.0 13.8 12.0 14.6 12.6 14.8 8.8 15.6 13.6 11.0 12.2 8.8 15.0 7.6 8.4 17.8 10.0 11.4 12.2 12.2 8.8 15.8 8.4 9.0 17.8 17.2 13.6 15.2 14.4 13.0 10.8 13.4 14.6 9.8 8.0 13.6 10.8 12.2 12.8 10.2 11.8 13.4 17.2 12.6 12.4
 0 1 2 3 4 5 6 7 8 9 10 11 12 13 14 15 16 17 18 19 20 21 22 23 24 25 26 27 28 29 30 31 32 33 34 35 36 37 38 39 40 41 42 43 44 45 46 47 48 49 50 51 52 53 54 55 56 57 58 59 60 61 62 63
0 9.4 18.0 19.8 20.6 14.8 22.8 19.4 11.8 12.6 20.0 22.4 11.0 23.6 24.0 24.4 11.4 23.8 19.8 23.4 20.6 19.4 18.8 22.8 19.4 21.0 7.8 22.6 19.2 8.0 18.8 15.0 21.4 20.0 14.2 20.2 16.8 7.2 19.2 13.8 17.4 13.4 21.2 18.4 15.8 14.2 22.4 17.4 26.2 8.8 14.8 7.0 22.0 13.4 15.0 25.6 19.0 15.4 11.8 22.6 16.2 14.4 25.0 19.8 23.4
1 24.2 15.8 13.2 19.6 10.2 24.0 24.2 21.0 17.6 18.4 7.4 19.6 17.6 7.6 14.6 19.4 10.0 19.6 22.4 18.0 22.4 14.4 22.4 10.4 23.0 22.8 12.8 7.4 23.0 13.2 14.0 6.0 10.6 7.6 10.6 6.8 23.2 24.0 18.4 23.2 8.8 15.8 13.6 15.8 22.8 19.6 11.0 13.6 16.0 19.2 13.4 16.0 23.8 11.4 18.4 17.0 14.2 18.8 13.8 9.8 13.0 8.4 24.0 12.2
 0 1 2 3 4 5 6 7 8 9 10 11 12 13 14 15 16 17 18 19 20 21 22 23 24 25 26 27 28 29 30 31 32 33 34 35 36 37 38 39 40 41 42 43 44 45 46 47 48 49 50 51 52 53 54 55 56 57 58 59 60 61 62 63
0 7.8 7.2 7.6 7.2 6.2 8.2 14.4 9.8 9.6 12.4 10.2 8.6 9.2 11.2 10.0 9.8 8.8 7.6 10.2 6.8 6.6 13.2 6.6 6.6 13.6 7.0 7.6 7.0 10.2 11.0 9.0 6.8 9.2 11.8 11.6 6.2 12.0 10.4 8.0 11.0 11.2 8.8 8.0 9.4 9.6 10.6 10.2 10.6 8.8 8.2 11.4 6.8 11.0 6.6 11.6 11.8 9.6 9.0 12.6 11.8 8.6 7.0 8.0 6.2
1 7.2 11.0 7.0 8.8 9.4 10.4 8.0 11.6 9.4 9.4 7.0 7.2 6.2 12.2 9.2 12.6 7.2 9.8 12.0 11.6 9.6 11.6 6.2 7.0 9.0 10.4 9.8 13.4 9.6 8.8 12.0 11.2 9.8 6.6 8.0 10.6 6.0 7.6 8.4 7.6 8.0 8.4 6.4 8.2 7.0 10.0 7.0 7.4 9.0 10.4 6.4 9.2 8.0 6.2 11.0 8.2 9.8 7.4 11.8 6.4 6.8 12.0 9.4 11.2
2 14.6 12.6 8.2 13.2 16.6 9.4 8.6 9.0 15.0 15.0 8.6 8.4 10.8 8.4 15.0 13.0 16.8 7.4 17.0 12.4 14.2 14.4 14.2 7.8 15.4 8.0 14.6 8.4 15.0 8.8 18.6 17.6 14.8 15.8 17.6 16.8 10.6 11.6 8.4 12.4 9.2 14.0 16.6 14.0 18.8 9.4 13.2 14.6 13.4 16.4 15.8 14.8 8.8 12.6 8.2 11.6 17.0 22.4 11.6 17.6 16.0 9.2 16.0 10.8
3 12.0 16.6 10.8 11.4 13.6 9.8 11.4 15.2 14.8 11.0 17.8 10.8 14.0 11.2 19.0 12.4 8.8 13.4 11.2 17.2 16.2 10.0 18.8 8.2 7.8 13.0 20.0 11.4 17.6 8.4 11.0 9.8 12.2 16.8 13.8 16.0 8.0 9.2 15.2 14.8 14.6 11.2 7.4 8.6 11.2 16.0 8.2 19.2 11.4 10.0 14.4 16.0 12.4 7.2 17.4 10.0 13.0 17.6 13.0 9.6 10.4 10.2 15.8 17.2
 0 1 2 3 4 5 6 7 8 9 10 11 12 13 14 15 16 17 18 19 20 21 22 23 24 25 26 27 28 29 30 31 32 33 34 35 36 37 38 39 40 41 42 43 44 45 46 47 48 49 50 51 52 53 54 55 56 57 58 59 60 61 62 63
0 14.2 9.2 13.8 12.0 13.6 12.8 10.8 12.8 14.0 13.6 10.4 7.8 7.0 11.6 6.6 7.0 9.0 8.0 13.2 11.2 7.8 13.0 12.0 7.8 6.4 8.0 7.0 8.0 11.4 10.2 9.8 11.4 8.8 8.6 12.6 8.2 9.6 8.0 13.2 11.4 13.8 13.6 8.2 10.2 10.8 12.0 14.6 8.6 9.2 8.0 5.8 7.0 9.4 13.2 12.0 11.6 5.6 12.6 13.4 7.0 5.8 13.2 12.8 12.0
 0 1 2 3 4 5 6 7 8 9 10 11 12 13 14 15 16 17 18 19 20 21 22 23 24 25 26 27 28 29 30 31 32 33 34 35 36 37 38 39 40 41 42 43 44 45 46 47 48 49 50 51 52 53 54 55 56 57 58 59 60 61 62 63
0 14.2 9.2 13.8 12.0 13.6 12.8 10.8 12.8 14.0 13.6 10.4 7.8 7.0 11.6 6.6 7.0 9.0 8.0 13.2 11.2 7.8 13.0 12.0 7.8 6.4 8.0 7.0 8.0 11.4 10.2 9.8 11.4 8.8 8.6 12.6 8.2 9.6 8.0 13.2 11.4 13.8 13.6 8.2 10.2 10.8 12.0 14.6 8.6 9.2 8.0 5.8 7.0 9.4 13.2 12.0 11.6 5.6 12.6 13.4 7.0 5.8 13.2 12.8 12.0
 0 1 2 3 4 5 6 7 8 9 10 11 12 13 14 15 16 17 18 19 20 21 22 23 24 25 26 27 28 29 30 31 32 33 34 35 36 37 38 39 40 41 42 43 44 45 46 47 48 49 50 51 52 53 54 55 56 57 58 59 60 61 62 63
0 14.0 11.8 13.0 9.8 11.4 11.2 15.6 15.2 14.6 16.6 15.0 7.8 10.6 9.6 11.4 10.6 11.6 14.6 9.8 14.4 11.8 13.8 8.4 16.4 8.0 10.6 15.2 16.0 15.2 14.6 17.2 13.2 9.6 8.8 8.2 11.2 10.0 15.2 19.2 10.8 13.4 12.0 16.2 15.8 15.6 15.6 13.0 17.8 15.0 15.0 10.2 10.4 9.6 10.2 9.6 11.0 14.4 10.6 11.6 17.2 12.4 13.2 14.6 17.2
 0 1 2 3 4 5 6 7 8 9 10 11 12 13 14 15 16 17 18 19 20 21 22 23 24 25 26 27 28 29 30 31 32 33 34 35 36 37 38 39 40 41 42 43 44 45 46 47 48 49 50 51 52 53 54 55 56 57 58 59 60 61 62 63
0 9.4 18.0 19.8 20.6 14.8 22.8 19.4 11.8 12.6 20.0 22.4 11.0 23.6 24.0 24.4 11.4 23.8 19.8 23.4 20.6 19.4 18.8 22.8 19.4 21.0 7.8 22.6 19.2 8.0 18.8 15.0 21.4 20.0 14.2 20.2 16.8 7.2 19.2 13.8 17.4 13.4 21.2 18.4 15.8 14.2 22.4 17.4 26.2 8.8 14.8 7.0 22.0 13.4 15.0 25.6 19.0 15.4 11.8 22.6 16.2 14.4 25.0 19.8 23.4
 0 1 2 3 4 5 6 7 8 9 10 11 12 13 14 15 16 17 18 19 20 21 22 23 24 25 26 27 28 29 30 31 32 33 34 35 36 37 38 39 40 41 42 43 44 45 46 47 48 49 50 51 52 53 54 55 56 57 58 59 60 61 62 63
0 7.8 7.2 7.6 7.2 6.2 8.2 14.4 9.8 9.6 12.4 10.2 8.6 9.2 11.2 10.0 9.8 8.8 7.6 10.2 6.8 6.6 13.2 6.6 6.6 13.6 7.0 7.6 7.0 10.2 11.0 9.0 6.8 9.2 11.8 11.6 6.2 12.0 10.4 8.0 11.0 11.2 8.8 8.0 9.4 9.6 10.6 10.2 10.6 8.8 8.2 11.4 6.8 11.0 6.6 11.6 11.8 9.6 9.0 12.6 11.8 8.6 7.0 8.0 6.2
 0 1 2 3 4 5 6 7 8 9 10 11 12 13 14 15 16 17 18 19 20 21 22 23 24 25 26 27 28 29 30 31 32 33 34 35 36 37 38 39 40 41 42 43 44 45 46 47 48 49 50 51 52 53 54 55 56 57 58 59 60 61 62 63
0 14.2 9.2 13.8 12.0 13.6 12.8 10.8 12.8 14.0 13.6 10.4 7.8 7.0 11.6 6.6 7.0 9.0 8.0 13.2 11.2 7.8 13.0 12.0 7.8 6.4 8.0 7.0 8.0 11.4 10.2 9.8 11.4 8.8 8.6 12.6 8.2 9.6 8.0 13.2 11.4 13.8 13.6 8.2 10.2 10.8 12.0 14.6 8.6 9.2 8.0 5.8 7.0 9.4 13.2 12.0 11.6 5.6 12.6 13.4 7.0 5.8 13.2 12.8 12.0
 0 1 2 3 4 5 6 7 8 9 10 11 12 13 14 15 16 17 18 19 20 21 22 23 24 25 26 27 28 29 30 31 32 33 34 35 36 37 38 39 40 41 42 43 44 45 46 47 48 49 50 51 52 53 54 55 56 57 58 59 60 61 62 63
0 14.0 11.8 13.0 9.8 11.4 11.2 15.6 15.2 14.6 16.6 15.0 7.8 10.6 9.6 11.4 10.6 11.6 14.6 9.8 14.4 11.8 13.8 8.4 16.4 8.0 10.6 15.2 16.0 15.2 14.6 17.2 13.2 9.6 8.8 8.2 11.2 10.0 15.2 19.2 10.8 13.4 12.0 16.2 15.8 15.6 15.6 13.0 17.8 15.0 15.0 10.2 10.4 9.6 10.2 9.6 11.0 14.4 10.6 11.6 17.2 12.4 13.2 14.6 17.2
 0 1 2 3 4 5 6 7 8 9 10 11 12 13 14 15 16 17 18 19 20 21 22 23 24 25 26 27 28 29 30 31 32 33 34 35 36 37 38 39 40 41 42 43 44 45 46 47 48 49 50 51 52 53 54 55 56 57 58 59 60 61 62 63
0 9.4 18.0 19.8 20.6 14.8 22.8 19.4 11.8 12.6 20.0 22.4 11.0 23.6 24.0 24.4 11.4 23.8 19.8 23.4 20.6 19.4 18.8 22.8 19.4 21.0 7.8 22.6 19.2 8.0 18.8 15.0 21.4 20.0 14.2 20.2 16.8 7.2 19.2 13.8 17.4 13.4 21.2 18.4 15.8 14.2 22.4 17.4 26.2 8.8 14.8 7.0 22.0 13.4 15.0 25.6 19.0 15.4 11.8 22.6 16.2 14.4 25.0 19.8 23.4
 0 1 2 3 4 5 6 7 8 9 10 11 12 13 14 15 16 17 18 19 20 21 22 23 24 25 26 27 28 29 30 31 32 33 34 35 36 37 38 39 40 41 42 43 44 45 46 47 48 49 50 51 52 53 54 55 56 57 58 59 60 61 62 63
0 7.8 7.2 7.6 7.2 6.2 8.2 14.4 9.8 9.6 12.4 10.2 8.6 9.2 11.2 10.0 9.8 8.8 7.6 10.2 6.8 6.6 13.2 6.6 6.6 13.6 7.0 7.6 7.0 10.2 11.0 9.0 6.8 9.2 11.8 11.6 6.2 12.0 10.4 8.0 11.0 11.2 8.8 8.0 9.4 9.6 10.6 10.2 10.6 8.8 8.2 11.4 6.8 11.0 6.6 11.6 11.8 9.6 9.0 12.6 11.8 8.6 7.0 8.0 6.2
 0 1 2 3 4 5 6 7 8 9 10 11 12 13 14 15 16 17 18 19 20 21 22 23 24 25 26 27 28 29 30 31 32 33 34 35 36 37 38 39 40 41 42 43 44 45 46 47 48 49 50 51 52 53 54 55 56 57 58 59 60 61 62 63
0 14.2 9.2 13.8 12.0 13.6 12.8 10.8 12.8 14.0 13.6 10.4 7.8 7.0 11.6 6.6 7.0 9.0 8.0 13.2 11.2 7.8 13.0 12.0 7.8 6.4 8.0 7.0 8.0 11.4 10.2 9.8 11.4 8.8 8.6 12.6 8.2 9.6 8.0 13.2 11.4 13.8 13.6 8.2 10.2 10.8 12.0 14.6 8.6 9.2 8.0 5.8 7.0 9.4 13.2 12.0 11.6 5.6 12.6 13.4 7.0 5.8 13.2 12.8 12.0
